!gh 2774075200 7141559779 18151826 398633812 5138321948 5461434101
^^Main Skin :)
!gh 7031240436 7034478011 7034478670 7066980158 7092271252 7172181003 7436441778 86498048 144075659
^^idk :3
!gh 6473266624 10790160141 6533236995 6555797786 6904816146 7486539408 8464737311 7074786 4904891637 9239921736 5890467575 6076159637 6098342338
!ga 754635032 754636298 754637084 754637456 754638471 754639239 5319914476
--Yes...
!gh 7246171208 7284132225 7394713560 8207861641 8303730595 22877700 9324091278 9557616007 6201860992
--nothing
!g 86498113 86499666 86499698 86499716 86499753 86499793 619509955 619511417 619511648 619511974 619512153 619512450 619512767 

!gh 10858980140 6888646637 11191243953 8095903141 86499666 8793022916 5314977489 9731019453 10385344441
--^^cute bear :3
